1.090825591459940069e+00 -3.176644549333853096e+00
-3.176644549333853096e+00 1.286048843306684475e+01
5.767619089637928687e-01 -1.701118261709891888e+00
-1.701118261709891888e+00 6.837414622897493466e+00
3.934248289516093511e-01 -1.165200833791280921e+00
-1.165200833791280921e+00 4.668245695128002914e+00
2.995739302852254982e-01 -8.888971117202779659e-01
-8.888971117202779659e-01 3.551951086818607273e+00
2.462548211903808904e-01 -7.314040984076483065e-01
-7.314040984076483065e-01 2.919500753607227050e+00
