4.586490388843955102e-01 -1.222782810163276945e+00
-1.222782810163276945e+00 6.984944956121184489e+00
2.567910770611943061e-01 -7.102432747978075778e-01
-7.102432747978075778e-01 3.849044015511865258e+00
1.787677504338442136e-01 -4.991345201401284903e-01
-4.991345201401284903e-01 2.653867876385211488e+00
1.372185090011630582e-01 -3.845674847079335046e-01
-3.845674847079335046e-01 2.024793376072410833e+00
1.110464037812890631e-01 -3.115729027250485617e-01
-3.115729027250485617e-01 1.632902606950377367e+00
9.371886560727935023e-02 -2.631476516162716273e-01
-2.631476516162716273e-01 1.371834418763905550e+00
8.100028679906129403e-02 -2.275938093272656393e-01
-2.275938093272656393e-01 1.182374360423632975e+00
7.121337915490315307e-02 -2.001627875393277023e-01
-2.001627875393277023e-01 1.037924724569476043e+00
6.389504274943563766e-02 -1.795233354780314539e-01
-1.795233354780314539e-01 9.271506708720753664e-01
5.823844326823748863e-02 -1.635980607873963322e-01
-1.635980607873963322e-01 8.401821463086641684e-01
5.334961202112969980e-02 -1.498225294801595331e-01
-1.498225294801595331e-01 7.669049830660383815e-01
4.933893640112249623e-02 -1.385021907505114003e-01
-1.385021907505114003e-01 7.061919514952488264e-01
4.586180834510185378e-02 -1.286871612010128674e-01
-1.286871612010128674e-01 6.541571418786892300e-01
4.293893301726191269e-02 -1.204573711888858312e-01
-1.204573711888858312e-01 6.101062896520605960e-01
4.038881547877676281e-02 -1.132098002851682356e-01
-1.132098002851682356e-01 5.714576006227891636e-01
3.806775826736284729e-02 -1.066382091660579845e-01
-1.066382091660579845e-01 5.370454577940367846e-01
3.605347164778422570e-02 -1.009366249115638131e-01
-1.009366249115638131e-01 5.069483634122095017e-01
3.429297744322770680e-02 -9.596156360975563460e-02
-9.596156360975563460e-02 4.804790643244090109e-01
3.273912514733327839e-02 -9.156317230230896775e-02
-9.156317230230896775e-02 4.569154813787427161e-01
3.140983366959852058e-02 -8.777014498180989166e-02
-8.777014498180989166e-02 4.361087815090235464e-01
3.018124539218777769e-02 -8.428903890868152948e-02
-8.428903890868152948e-02 4.171954169443806149e-01
2.901798607831367754e-02 -8.098812891005302550e-02
-8.098812891005302550e-02 3.996084564719371568e-01
2.796999771437122875e-02 -7.801552717360923928e-02
-7.801552717360923928e-02 3.836634054639466718e-01
2.700296951738140327e-02 -7.527430698926088071e-02
-7.527430698926088071e-02 3.690098951821271234e-01
2.609632991352335216e-02 -7.269529426988460830e-02
-7.269529426988460830e-02 3.553519367543450103e-01
2.526802284552804104e-02 -7.033764559548114081e-02
-7.033764559548114081e-02 3.427993916592393941e-01
2.449491265944572782e-02 -6.815027925486019655e-02
-6.815027925486019655e-02 3.311963266077918577e-01
2.379004447819190946e-02 -6.614140250055978998e-02
-6.614140250055978998e-02 3.204471760064549479e-01
2.313518185593135129e-02 -6.428237484985427352e-02
-6.428237484985427352e-02 3.104866801284490996e-01
2.251872871793627467e-02 -6.252424471370313097e-02
-6.252424471370313097e-02 3.011126134227515849e-01
2.201116668686347103e-02 -6.106513542518194476e-02
-6.106513542518194476e-02 2.928379214464330582e-01
2.144352280419502960e-02 -5.946061349940926638e-02
-5.946061349940926638e-02 2.844726274935814869e-01
2.092232958040216376e-02 -5.799025897297161586e-02
-5.799025897297161586e-02 2.767212794180722302e-01
2.042364968325871208e-02 -5.658930346446600090e-02
-5.658930346446600090e-02 2.693904369208762750e-01
1.997099878609133461e-02 -5.529474952554723488e-02
-5.529474952554723488e-02 2.625034961532611844e-01
1.956548469575908680e-02 -5.412231663460052855e-02
-5.412231663460052855e-02 2.561092668611132384e-01
1.911264483263710665e-02 -5.285086684529751583e-02
-5.285086684529751583e-02 2.496787736689206894e-01
1.879007054424400650e-02 -5.192299700906037596e-02
-5.192299700906037596e-02 2.443094507406091687e-01
1.842804784649224731e-02 -5.089596293541226446e-02
-5.089596293541226446e-02 2.388322147261406347e-01
1.812534693694571944e-02 -5.001216856092861873e-02
-5.001216856092861873e-02 2.338285382017841196e-01
1.778417071491865051e-02 -4.905061343290115922e-02
-4.905061343290115922e-02 2.287976581884879623e-01
1.746708392783873770e-02 -4.815340596430688069e-02
-4.815340596430688069e-02 2.240525158293450170e-01
1.715351425245869449e-02 -4.727127662965886767e-02
-4.727127662965886767e-02 2.194628504167034089e-01
1.683386452116970855e-02 -4.637091078026051721e-02
-4.637091078026051721e-02 2.149168706835463682e-01
1.656068175431426454e-02 -4.559503846212398237e-02
-4.559503846212398237e-02 2.107921627448930968e-01
1.632383295168818998e-02 -4.491822763393791412e-02
-4.491822763393791412e-02 2.070207865085362253e-01
1.606296399722099630e-02 -4.417736815369833342e-02
-4.417736815369833342e-02 2.031604990827971802e-01
1.579645943209475462e-02 -4.342685848225467937e-02
-4.342685848225467937e-02 1.993589429446692152e-01
1.555627972516748433e-02 -4.274761571598560683e-02
-4.274761571598560683e-02 1.958208874666191590e-01
1.534530200450932164e-02 -4.215259953816311717e-02
-4.215259953816311717e-02 1.927411127415245562e-01
